id	effectiveTime	active	moduleId	refsetId	referencedComponentId	acceptabilityId
m1	20250101	1	900000000000207008	900000000000509007	2000012	900000000000548007
m2	20250101	1	900000000000207008	900000000000508004	2000012	900000000000548007
m3	20250101	1	900000000000207008	900000000000509007	2000022	900000000000548007
m4	20250101	1	900000000000207008	900000000000508004	2000022	900000000000548007
m5	20250101	1	900000000000207008	900000000000509007	2000023	900000000000548007
m6	20250101	1	900000000000207008	900000000000508004	2000023	900000000000548007
m7	20250101	1	900000000000207008	900000000000509007	2000052	900000000000548007
m8	20250101	1	900000000000207008	900000000000508004	2000052	900000000000548007
m9	20250101	1	900000000000207008	900000000000509007	2000062	900000000000548007
m10	20250101	1	900000000000207008	900000000000508004	2000062	900000000000548007
m11	20250101	1	900000000000207008	900000000000509007	2000032	900000000000548007
m12	20250101	1	900000000000207008	900000000000508004	2000033	900000000000548007
m13	20250101	1	900000000000207008	999999999999999999	2000012	900000000000549004
